0 0.7640625 0.23984375 0.08203125 0.06171875
0 0.45703125 0.25078125 0.03671875 0.02890625
0 0.03359375 0.26328125 0.034375 0.03828125
0 0.15 0.6734375 0.06015625 0.03046875
0 0.0796875 0.9546875 0.07109375 0.06015625
0 0.2125 0.7359375 0.0546875 0.03671875
0 0.23359375 0.63828125 0.05 0.03359375
0 0.4 0.35546875 0.03125 0.03828125
0 0.68125 0.55859375 0.034375 0.03359375
0 0.2515625 0.30390625 0.07421875 0.0265625
0 0.8578125 0.2046875 0.02890625 0.02890625
0 0.88125 0.2171875 0.0015625 0.00078125