0 0.078125 0.83984375 0.040625 0.0421875
0 0.28046875 0.5796875 0.0671875 0.0546875
0 0.4859375 0.571875 0.0671875 0.0625
0 0.33046875 0.528125 0.046875 0.0546875
0 0.4796875 0.353125 0.05625 0.065625
0 0.55859375 0.10625 0.0328125 0.0375
0 0.7828125 0.27109375 0.084375 0.0578125
0 0.68515625 0.9328125 0.0421875 0.0546875
0 0.77421875 0.95078125 0.053125 0.04375
0 0.8421875 0.96640625 0.046875 0.053125
0 0.7890625 0.84609375 0.04375 0.090625
0 0.30546875 0.75546875 0.0484375 0.040625
0 0.51875 0.0578125 0.03125 0.0375