0 0.165625 0.07421875 0.0359375 0.0390625
0 0.30390625 0.3734375 0.0625 0.0484375
0 0.50234375 0.4265625 0.065625 0.059375
0 0.34140625 0.434375 0.0421875 0.05
0 0.44765625 0.6390625 0.04375 0.05625
0 0.46796875 0.896875 0.0296875 0.034375
0 0.72421875 0.78671875 0.0796875 0.0484375
0 0.778125 0.1203125 0.040625 0.0515625
0 0.86875 0.12265625 0.0453125 0.034375
0 0.93828125 0.12265625 0.040625 0.0453125
0 0.859375 0.228125 0.04375 0.0890625
0 0.36796875 0.2078125 0.0453125 0.034375
0 0.41875 0.934375 0.03125 0.034375