0 0.14375 0.0921875 0.03203125 0.0359375
0 0.29765625 0.38359375 0.059375 0.0421875
0 0.4984375 0.4265625 0.05703125 0.05078125
0 0.33828125 0.44296875 0.03671875 0.04609375
0 0.4546875 0.64140625 0.040625 0.0546875
0 0.4890625 0.89765625 0.028125 0.03125
0 0.7390625 0.77421875 0.0765625 0.0421875
0 0.7578125 0.10625 0.0359375 0.05
0 0.8484375 0.10390625 0.04453125 0.03359375
0 0.91796875 0.1 0.03828125 0.04453125
0 0.84453125 0.209375 0.02890625 0.0859375
0 0.353125 0.21484375 0.040625 0.03046875
0 0.44140625 0.93828125 0.0265625 0.03125