0 0.11171875 0.090625 0.0390625 0.05546875
0 0.30078125 0.12734375 0.090625 0.0484375
0 0.88046875 0.03125 0.065625 0.0625
0 0.80234375 0.0171875 0.0453125 0.034375
0 0.9296875 0.1703125 0.03828125 0.04375
0 0.97421875 0.2390625 0.04921875 0.04375
0 0.565625 0.4859375 0.06640625 0.0296875
0 0.296875 0.3515625 0.05703125 0.03671875
0 0.2515625 0.671875 0.02578125 0.0359375
0 0.3140625 0.63125 0.03671875 0.03203125
0 0.71171875 0.37421875 0.04453125 0.03203125
0 0.8984375 0.54453125 0.03359375 0.05
0 0.696875 0.66640625 0.03671875 0.03203125
0 0.7046875 0.84765625 0.0359375 0.04375
0 0.60390625 0.9015625 0.05625 0.03828125