0 0.88828125 0.090625 0.0609375 0.0453125
0 0.86171875 0.28125 0.0625 0.0984375
0 0.9765625 0.8546875 0.046875 0.071875
0 0.98984375 0.7765625 0.0203125 0.046875
0 0.8515625 0.91171875 0.0453125 0.0390625
0 0.7859375 0.959375 0.0515625 0.05625
0 0.5171875 0.56484375 0.03125 0.0671875
0 0.6375 0.2890625 0.046875 0.0609375
0 0.315625 0.2609375 0.0390625 0.0296875
0 0.359375 0.32109375 0.0328125 0.0390625
0 0.63671875 0.7046875 0.034375 0.046875
0 0.4765625 0.9 0.053125 0.0375
0 0.34375 0.70546875 0.0375 0.0421875
0 0.16328125 0.72265625 0.0453125 0.0359375
0 0.1046875 0.625 0.040625 0.0578125