0 0.1046875 0.09765625 0.04375 0.059375
0 0.29453125 0.13125 0.096875 0.059375
0 0.87109375 0.0296875 0.0734375 0.059375
0 0.79296875 0.01484375 0.0453125 0.0296875
0 0.92421875 0.1625 0.0375 0.04375
0 0.96953125 0.23046875 0.0484375 0.0453125
0 0.565625 0.48515625 0.06875 0.0328125
0 0.29453125 0.35546875 0.059375 0.0421875
0 0.2546875 0.6765625 0.025 0.0375
0 0.31640625 0.634375 0.0375 0.034375
0 0.709375 0.3703125 0.0484375 0.0375
0 0.89921875 0.5375 0.0359375 0.05
0 0.7 0.66328125 0.040625 0.0359375
0 0.7109375 0.84375 0.0390625 0.0453125
0 0.6109375 0.9 0.0578125 0.0421875