0 0.23359375 0.2171875 0.05234375 0.05625
0 0.409375 0.25546875 0.09375 0.04140625
0 0.2671875 0.28984375 0.05 0.046875
0 0.40390625 0.46875 0.05390625 0.03515625
0 0.6765625 0.61953125 0.059375 0.03359375
0 0.3625 0.7890625 0.04921875 0.04375
0 0.97578125 0.16484375 0.0484375 0.08046875
0 0.91640625 0.14296875 0.0390625 0.0421875
0 0.8046875 0.80234375 0.04453125 0.034375
0 0.80703125 0.96953125 0.03515625 0.05390625
0 0.41875 0.75546875 0.0390625 0.03125
0 0.72578125 0.0703125 0.028125 0.06640625
0 0.8296875 0.5078125 0.03984375 0.03125