0 0.221875 0.22890625 0.0609375 0.05625
0 0.25703125 0.40546875 0.05 0.0984375
0 0.29375 0.26328125 0.053125 0.0546875
0 0.4703125 0.403125 0.0421875 0.0578125
0 0.61640625 0.67890625 0.0375 0.059375
0 0.79140625 0.3671875 0.0484375 0.0546875
0 0.15546875 0.96796875 0.0828125 0.053125
0 0.1359375 0.91015625 0.0453125 0.04375
0 0.796875 0.81015625 0.040625 0.046875
0 0.9640625 0.81484375 0.0546875 0.0375
0 0.75703125 0.4234375 0.0328125 0.0375
0 0.06640625 0.71796875 0.06875 0.034375
0 0.50234375 0.8296875 0.03125 0.040625