0 0.2515625 0.24296875 0.0625 0.0671875
0 0.28515625 0.41171875 0.0546875 0.103125
0 0.090625 0.9390625 0.0328125 0.0515625
0 0.49765625 0.4203125 0.046875 0.0546875
0 0.31953125 0.2796875 0.0546875 0.0515625
0 0.63984375 0.7 0.0375 0.0734375
0 0.8109375 0.38984375 0.046875 0.0375
0 0.77890625 0.4421875 0.0265625 0.0328125
0 0.79296875 0.5453125 0.03125 0.034375
0 0.809375 0.825 0.0390625 0.0421875
0 0.15078125 0.921875 0.0453125 0.040625
0 0.9703125 0.8359375 0.0375 0.03125
0 0.5171875 0.84375 0.03125 0.04375