0 0.7890625 0.71015625 0.071875 0.0671875
0 0.6171875 0.70078125 0.109375 0.071875
0 0.121875 0.96640625 0.0578125 0.040625
0 0.5796875 0.49140625 0.0609375 0.053125
0 0.74375 0.6484375 0.059375 0.0625
0 0.28203125 0.3890625 0.0765625 0.046875
0 0.565625 0.1765625 0.0421875 0.0484375
0 0.51796875 0.215625 0.0359375 0.0328125
0 0.4140625 0.21640625 0.0375 0.0359375
0 0.13515625 0.2390625 0.0421875 0.040625
0 0.13125 0.9046875 0.0453125 0.05
0 0.1015625 0.08046875 0.0390625 0.040625
0 0.15703125 0.53125 0.046875 0.0390625