0 0.2515625 0.24296875 0.05859375 0.05390625
0 0.41953125 0.28203125 0.1 0.05
0 0.953125 0.10625 0.05078125 0.02890625
0 0.4203125 0.49453125 0.05 0.0421875
0 0.2859375 0.31171875 0.04609375 0.05
0 0.6953125 0.646875 0.0703125 0.034375
0 0.37890625 0.80703125 0.034375 0.04375
0 0.4328125 0.7765625 0.03203125 0.02578125
0 0.53515625 0.79453125 0.03046875 0.028125
0 0.8140625 0.8203125 0.03828125 0.0359375
0 0.93359375 0.165625 0.03671875 0.04375
0 0.8203125 0.9828125 0.02890625 0.034375
0 0.84296875 0.52890625 0.040625 0.0296875